0.000000000000000e+000	0.000000e+000
9.999999999994822e-009	1.885782e-005
1.451979577662799e-006	4.357484e-003
2.893959155325604e-006	8.641255e-003
4.335938732988408e-006	1.287017e-002
5.777918310651213e-006	1.704423e-002
7.219897888314018e-006	2.116343e-002
8.661877465976822e-006	2.522778e-002
1.010385704363962e-005	2.923727e-002
1.011385704363962e-005	2.926490e-002
1.157528561506744e-005	3.327408e-002
1.303671418649525e-005	3.723123e-002
1.449814275792306e-005	4.113636e-002
1.595957132935088e-005	4.498946e-002
1.742099990077870e-005	4.879053e-002
1.888242847220651e-005	5.253958e-002
2.034385704363432e-005	5.623659e-002
2.035385704363432e-005	5.626173e-002
2.181528561506213e-005	5.990861e-002
2.327671418648995e-005	6.350760e-002
2.473814275791776e-005	6.705870e-002
2.619957132934558e-005	7.056192e-002
2.766099990077340e-005	7.401726e-002
2.912242847220121e-005	7.742471e-002
3.058385704362902e-005	8.078428e-002
3.059385704362902e-005	8.080712e-002
3.205528561505683e-005	8.412054e-002
3.351671418648465e-005	8.738990e-002
3.497814275791246e-005	9.061519e-002
3.643957132934028e-005	9.379641e-002
3.790099990076809e-005	9.693357e-002
3.936242847219591e-005	1.000267e-001
4.082385704362372e-005	1.030757e-001
4.083385704362371e-005	1.030964e-001
5.107385704361841e-005	1.233096e-001
6.131385704361311e-005	1.416128e-001
7.155385704360781e-005	1.581588e-001
8.179385704360250e-005	1.730886e-001
9.203385704359720e-005	1.865322e-001
1.022738570435919e-004	1.986094e-001
1.125138570435866e-004	2.094304e-001
1.227538570435813e-004	2.190970e-001
1.329938570435760e-004	2.277029e-001
1.432338570435707e-004	2.353345e-001
1.534738570435654e-004	2.420714e-001
1.637138570435601e-004	2.479869e-001
1.739538570435548e-004	2.531487e-001
1.841938570435495e-004	2.576188e-001
1.944338570435442e-004	2.614548e-001
2.046738570435389e-004	2.647094e-001
2.149138570435336e-004	2.674314e-001
2.251538570435283e-004	2.696655e-001
2.353938570435230e-004	2.714532e-001
2.456338570435177e-004	2.728324e-001
2.558738570435124e-004	2.738381e-001
2.661138570435071e-004	2.745028e-001
2.763538570435018e-004	2.748559e-001
2.865938570434965e-004	2.749250e-001
2.968338570434912e-004	2.747352e-001
3.070738570434859e-004	2.743097e-001
3.173138570434806e-004	2.736698e-001
3.275538570434753e-004	2.728353e-001
3.377938570434700e-004	2.718240e-001
3.480338570434647e-004	2.706528e-001
3.582738570434594e-004	2.693368e-001
3.685138570434541e-004	2.678902e-001
3.787538570434488e-004	2.663260e-001
3.889938570434474e-004	2.646559e-001
3.992338570434976e-004	2.628909e-001
4.094738570435478e-004	2.610412e-001
4.197138570435980e-004	2.591159e-001
4.299538570436482e-004	2.571235e-001
4.401938570436984e-004	2.550718e-001
4.504338570437486e-004	2.529680e-001
4.606738570437988e-004	2.508187e-001
4.709138570438490e-004	2.486298e-001
4.811538570438992e-004	2.464069e-001
4.913938570439494e-004	2.441550e-001
5.016338570439996e-004	2.418789e-001
5.118738570440498e-004	2.395827e-001
5.221138570441000e-004	2.372704e-001
5.323538570441502e-004	2.349454e-001
5.425938570442004e-004	2.326112e-001
5.528338570442506e-004	2.302705e-001
5.630738570443009e-004	2.279263e-001
5.733138570443511e-004	2.255808e-001
5.835538570444013e-004	2.232365e-001
5.937938570444515e-004	2.208953e-001
6.040338570445017e-004	2.185592e-001
6.142738570445519e-004	2.162298e-001
6.245138570446021e-004	2.139086e-001
6.347538570446523e-004	2.115971e-001
6.449938570447025e-004	2.092966e-001
6.552338570447527e-004	2.070081e-001
6.654738570448029e-004	2.047327e-001
6.757138570448532e-004	2.024714e-001
6.859538570449034e-004	2.002250e-001
6.961938570449536e-004	1.979941e-001
7.064338570450038e-004	1.957795e-001
7.166738570450540e-004	1.935818e-001
7.269138570451042e-004	1.914015e-001
7.371538570451544e-004	1.892390e-001
7.473938570452046e-004	1.870948e-001
7.576338570452548e-004	1.849691e-001
7.678738570453050e-004	1.828624e-001
7.781138570453552e-004	1.807748e-001
7.883538570454055e-004	1.787066e-001
7.985938570454557e-004	1.766579e-001
8.088338570455059e-004	1.746289e-001
8.190738570455561e-004	1.726197e-001
8.293138570456063e-004	1.706305e-001
8.395538570456565e-004	1.686611e-001
8.497938570457067e-004	1.667118e-001
8.600338570457569e-004	1.647825e-001
8.702738570458071e-004	1.628732e-001
8.805138570458144e-004	1.609838e-001
8.907538570457536e-004	1.591145e-001
9.009938570456928e-004	1.572650e-001
9.112338570456320e-004	1.554353e-001
9.214738570455711e-004	1.536253e-001
9.317138570455103e-004	1.518350e-001
9.419538570454495e-004	1.500643e-001
9.521938570453887e-004	1.483130e-001
9.624338570453279e-004	1.465810e-001
9.726738570452671e-004	1.448682e-001
9.829138570452063e-004	1.431745e-001
9.931538570451455e-004	1.414997e-001
1.003393857045085e-003	1.398437e-001
1.013633857045024e-003	1.382063e-001
1.023873857044963e-003	1.365874e-001
1.034113857044902e-003	1.349869e-001
1.044353857044841e-003	1.334045e-001
1.054593857044781e-003	1.318401e-001
1.064833857044720e-003	1.302936e-001
1.075073857044659e-003	1.287647e-001
1.085313857044598e-003	1.272534e-001
1.095553857044537e-003	1.257595e-001
1.105793857044477e-003	1.242827e-001
1.116033857044416e-003	1.228229e-001
1.126273857044355e-003	1.213799e-001
1.136513857044294e-003	1.199537e-001
1.146753857044233e-003	1.185439e-001
1.156993857044172e-003	1.171505e-001
1.167233857044112e-003	1.157732e-001
1.177473857044051e-003	1.144119e-001
1.187713857043990e-003	1.130665e-001
1.197953857043929e-003	1.117366e-001
1.208193857043868e-003	1.104223e-001
1.218433857043808e-003	1.091233e-001
1.228673857043747e-003	1.078394e-001
1.238913857043686e-003	1.065705e-001
1.249153857043625e-003	1.053164e-001
1.259393857043564e-003	1.040770e-001
1.269633857043504e-003	1.028521e-001
1.279873857043443e-003	1.016415e-001
1.290113857043382e-003	1.004450e-001
1.300353857043321e-003	9.926260e-002
1.310593857043260e-003	9.809401e-002
1.320833857043199e-003	9.693912e-002
1.331073857043139e-003	9.579775e-002
1.341313857043078e-003	9.466978e-002
1.351553857043017e-003	9.355504e-002
1.361793857042956e-003	9.245338e-002
1.372033857042895e-003	9.136464e-002
1.382273857042835e-003	9.028868e-002
1.392513857042774e-003	8.922537e-002
1.402753857042713e-003	8.817454e-002
1.412993857042652e-003	8.713605e-002
1.423233857042591e-003	8.610976e-002
1.433473857042531e-003	8.509554e-002
1.443713857042470e-003	8.409324e-002
1.453953857042409e-003	8.310272e-002
1.464193857042348e-003	8.212385e-002
1.474433857042287e-003	8.115649e-002
1.484673857042226e-003	8.020051e-002
1.494913857042166e-003	7.925576e-002
1.505153857042105e-003	7.832214e-002
1.515393857042044e-003	7.739950e-002
1.525633857041983e-003	7.648771e-002
1.535873857041922e-003	7.558665e-002
1.546113857041862e-003	7.469620e-002
1.556353857041801e-003	7.381623e-002
1.566593857041740e-003	7.294662e-002
1.576833857041679e-003	7.208724e-002
1.587073857041618e-003	7.123797e-002
1.597313857041558e-003	7.039871e-002
1.607553857041497e-003	6.956933e-002
1.617793857041436e-003	6.874971e-002
1.628033857041375e-003	6.793974e-002
1.638273857041314e-003	6.713931e-002
1.648513857041253e-003	6.634830e-002
1.658753857041193e-003	6.556661e-002
1.668993857041132e-003	6.479412e-002
1.679233857041071e-003	6.403074e-002
1.689473857041010e-003	6.327634e-002
1.699713857040949e-003	6.253083e-002
1.709953857040889e-003	6.179410e-002
1.720193857040828e-003	6.106605e-002
1.730433857040767e-003	6.034657e-002
1.740673857040706e-003	5.963556e-002
1.750913857040645e-003	5.893293e-002
1.761153857040584e-003	5.823858e-002
1.771393857040524e-003	5.755240e-002
1.781633857040463e-003	5.687431e-002
1.791873857040402e-003	5.620421e-002
1.802113857040341e-003	5.554200e-002
1.812353857040280e-003	5.488759e-002
1.822593857040220e-003	5.424089e-002
1.832833857040159e-003	5.360181e-002
1.843073857040098e-003	5.297026e-002
1.853313857040037e-003	5.234615e-002
1.863553857039977e-003	5.172939e-002
1.873793857039916e-003	5.111990e-002
1.884033857039855e-003	5.051759e-002
1.894273857039794e-003	4.992237e-002
1.904513857039733e-003	4.933416e-002
1.914753857039673e-003	4.875289e-002
1.924993857039612e-003	4.817846e-002
1.935233857039551e-003	4.761080e-002
1.945473857039490e-003	4.704984e-002
1.955713857039429e-003	4.649547e-002
1.965953857039369e-003	4.594764e-002
1.976193857039308e-003	4.540627e-002
1.986433857039247e-003	4.487127e-002
1.996673857039186e-003	4.434258e-002
2.006913857039125e-003	4.382011e-002
2.017153857039065e-003	4.330380e-002
2.027393857039004e-003	4.279358e-002
2.037633857038943e-003	4.228936e-002
2.047873857038882e-003	4.179109e-002
2.058113857038821e-003	4.129868e-002
2.068353857038761e-003	4.081208e-002
2.078593857038700e-003	4.033121e-002
2.088833857038639e-003	3.985601e-002
2.099073857038578e-003	3.938641e-002
2.109313857038517e-003	3.892234e-002
2.119553857038456e-003	3.846373e-002
2.129793857038396e-003	3.801053e-002
2.140033857038335e-003	3.756268e-002
2.150273857038274e-003	3.712009e-002
2.160513857038213e-003	3.668272e-002
2.170753857038152e-003	3.625051e-002
2.180993857038092e-003	3.582339e-002
2.191233857038031e-003	3.540130e-002
2.201473857037970e-003	3.498418e-002
2.211713857037909e-003	3.457198e-002
2.221953857037848e-003	3.416463e-002
2.232193857037788e-003	3.376209e-002
2.242433857037727e-003	3.336428e-002
2.252673857037666e-003	3.297117e-002
2.262913857037605e-003	3.258269e-002
2.273153857037544e-003	3.219878e-002
2.283393857037483e-003	3.181940e-002
2.293633857037423e-003	3.144448e-002
2.303873857037362e-003	3.107398e-002
2.314113857037301e-003	3.070785e-002
2.324353857037240e-003	3.034604e-002
2.334593857037179e-003	2.998848e-002
2.344833857037119e-003	2.963514e-002
2.355073857037058e-003	2.928597e-002
2.365313857036997e-003	2.894090e-002
2.375553857036936e-003	2.859990e-002
2.385793857036875e-003	2.826292e-002
2.396033857036815e-003	2.792992e-002
2.406273857036754e-003	2.760083e-002
2.416513857036693e-003	2.727562e-002
2.426753857036632e-003	2.695425e-002
2.436993857036571e-003	2.663666e-002
2.447233857036510e-003	2.632281e-002
2.457473857036450e-003	2.601266e-002
2.467713857036389e-003	2.570616e-002
2.477953857036328e-003	2.540328e-002
2.488193857036267e-003	2.510396e-002
2.498433857036206e-003	2.480818e-002
2.508673857036146e-003	2.451587e-002
2.518913857036085e-003	2.422701e-002
2.529153857036024e-003	2.394155e-002
2.539393857035963e-003	2.365946e-002
2.549633857035902e-003	2.338069e-002
2.559873857035841e-003	2.310521e-002
2.570113857035781e-003	2.283297e-002
2.580353857035720e-003	2.256394e-002
2.590593857035659e-003	2.229808e-002
2.600833857035598e-003	2.203535e-002
2.611073857035537e-003	2.177572e-002
2.621313857035477e-003	2.151914e-002
2.631553857035416e-003	2.126560e-002
2.641793857035355e-003	2.101503e-002
2.652033857035294e-003	2.076742e-002
2.662273857035233e-003	2.052273e-002
2.672513857035173e-003	2.028092e-002
2.682753857035112e-003	2.004196e-002
2.692993857035051e-003	1.980581e-002
2.703233857034990e-003	1.957245e-002
2.713473857034929e-003	1.934183e-002
2.723713857034868e-003	1.911394e-002
2.733953857034808e-003	1.888873e-002
2.744193857034747e-003	1.866617e-002
2.754433857034686e-003	1.844623e-002
2.764673857034625e-003	1.822889e-002
2.774913857034564e-003	1.801411e-002
2.785153857034504e-003	1.780186e-002
2.795393857034443e-003	1.759211e-002
2.805633857034382e-003	1.738483e-002
2.815873857034321e-003	1.717999e-002
2.826113857034260e-003	1.697756e-002
2.836353857034200e-003	1.677752e-002
2.846593857034139e-003	1.657984e-002
2.856833857034078e-003	1.638449e-002
2.867073857034017e-003	1.619144e-002
2.877313857033956e-003	1.600066e-002
2.887553857033895e-003	1.581213e-002
2.897793857033835e-003	1.562583e-002
2.908033857033774e-003	1.544171e-002
2.918273857033713e-003	1.525977e-002
2.928513857033652e-003	1.507997e-002
2.938753857033591e-003	1.490229e-002
2.948993857033531e-003	1.472670e-002
2.959233857033470e-003	1.455319e-002
2.969473857033409e-003	1.438171e-002
2.979713857033348e-003	1.421226e-002
2.989953857033287e-003	1.404480e-002
3.000193857033227e-003	1.387932e-002
3.010433857033166e-003	1.371578e-002
3.020673857033105e-003	1.355418e-002
3.030913857033044e-003	1.339447e-002
3.041153857032983e-003	1.323665e-002
3.051393857032922e-003	1.308069e-002
3.061633857032862e-003	1.292657e-002
3.071873857032801e-003	1.277426e-002
3.082113857032740e-003	1.262375e-002
3.092353857032679e-003	1.247501e-002
3.102593857032618e-003	1.232802e-002
3.112833857032558e-003	1.218276e-002
3.123073857032497e-003	1.203922e-002
3.133313857032436e-003	1.189737e-002
3.143553857032375e-003	1.175719e-002
3.153793857032314e-003	1.161866e-002
3.164033857032253e-003	1.148176e-002
3.174273857032193e-003	1.134647e-002
3.184513857032132e-003	1.121278e-002
3.194753857032071e-003	1.108067e-002
3.204993857032010e-003	1.095011e-002
3.215233857031949e-003	1.082109e-002
3.225473857031889e-003	1.069359e-002
3.235713857031828e-003	1.056759e-002
3.245953857031767e-003	1.044308e-002
3.256193857031706e-003	1.032003e-002
3.266433857031645e-003	1.019844e-002
3.276673857031585e-003	1.007827e-002
3.286913857031524e-003	9.959524e-003
3.297153857031463e-003	9.842176e-003
3.307393857031402e-003	9.726210e-003
3.317633857031341e-003	9.611610e-003
3.327873857031280e-003	9.498361e-003
3.338113857031220e-003	9.386446e-003
3.348353857031159e-003	9.275850e-003
3.358593857031098e-003	9.166557e-003
3.368833857031037e-003	9.058552e-003
3.379073857030976e-003	8.951819e-003
3.389313857030916e-003	8.846343e-003
3.399553857030855e-003	8.742111e-003
3.409793857030794e-003	8.639107e-003
3.420033857030733e-003	8.537316e-003
3.430273857030672e-003	8.436725e-003
3.440513857030612e-003	8.337318e-003
3.450753857030551e-003	8.239083e-003
3.460993857030490e-003	8.142006e-003
3.471233857030429e-003	8.046072e-003
3.481473857030368e-003	7.951269e-003
3.491713857030307e-003	7.857583e-003
3.501953857030247e-003	7.765000e-003
3.512193857030186e-003	7.673508e-003
3.522433857030125e-003	7.583095e-003
3.532673857030064e-003	7.493747e-003
3.542913857030003e-003	7.405451e-003
3.553153857029943e-003	7.318196e-003
3.563393857029882e-003	7.231969e-003
3.573633857029821e-003	7.146758e-003
3.583873857029760e-003	7.062551e-003
3.594113857029699e-003	6.979336e-003
3.604353857029639e-003	6.897102e-003
3.614593857029578e-003	6.815836e-003
3.624833857029517e-003	6.735528e-003
3.635073857029456e-003	6.656167e-003
3.645313857029395e-003	6.577740e-003
3.655553857029334e-003	6.500238e-003
3.665793857029274e-003	6.423648e-003
3.676033857029213e-003	6.347961e-003
3.686273857029152e-003	6.273166e-003
3.696513857029091e-003	6.199252e-003
3.706753857029030e-003	6.126209e-003
3.716993857028970e-003	6.054027e-003
3.727233857028909e-003	5.982695e-003
3.737473857028848e-003	5.912203e-003
3.747713857028787e-003	5.842542e-003
3.757953857028726e-003	5.773702e-003
3.768193857028666e-003	5.705673e-003
3.778433857028605e-003	5.638446e-003
3.788673857028544e-003	5.572011e-003
3.798913857028483e-003	5.506358e-003
3.809153857028423e-003	5.441479e-003
3.819393857028362e-003	5.377364e-003
3.829633857028301e-003	5.314006e-003
3.839873857028240e-003	5.251393e-003
3.850113857028179e-003	5.189518e-003
3.860353857028119e-003	5.128372e-003
3.870593857028058e-003	5.067947e-003
3.880833857027997e-003	5.008234e-003
3.891073857027936e-003	4.949224e-003
3.901313857027875e-003	4.890909e-003
3.911553857027814e-003	4.833282e-003
3.921793857027753e-003	4.776334e-003
3.932033857027692e-003	4.720056e-003
3.942273857027632e-003	4.664442e-003
3.952513857027571e-003	4.609483e-003
3.962753857027510e-003	4.555171e-003
3.972993857027449e-003	4.501500e-003
3.983233857027388e-003	4.448461e-003
3.993473857027328e-003	4.396047e-003
4.003713857027267e-003	4.344250e-003
4.013953857027206e-003	4.293064e-003
4.024193857027145e-003	4.242480e-003
4.034433857027084e-003	4.192493e-003
4.044673857027024e-003	4.143095e-003
4.054913857026963e-003	4.094278e-003
4.065153857026902e-003	4.046037e-003
4.075393857026841e-003	3.998365e-003
4.085633857026780e-003	3.951254e-003
4.095873857026719e-003	3.904698e-003
4.106113857026659e-003	3.858691e-003
4.116353857026598e-003	3.813225e-003
4.126593857026537e-003	3.768296e-003
4.136833857026476e-003	3.723896e-003
4.147073857026415e-003	3.680019e-003
4.157313857026355e-003	3.636659e-003
4.167553857026294e-003	3.593809e-003
4.177793857026233e-003	3.551465e-003
4.188033857026172e-003	3.509620e-003
4.198273857026111e-003	3.468268e-003
4.208513857026051e-003	3.427403e-003
4.218753857025990e-003	3.387019e-003
4.228993857025929e-003	3.347111e-003
4.239233857025868e-003	3.307674e-003
4.249473857025807e-003	3.268701e-003
4.259713857025746e-003	3.230187e-003
4.269953857025686e-003	3.192127e-003
4.280193857025625e-003	3.154516e-003
4.290433857025564e-003	3.117348e-003
4.300673857025503e-003	3.080618e-003
4.310913857025442e-003	3.044320e-003
4.321153857025382e-003	3.008450e-003
4.331393857025321e-003	2.973003e-003
4.341633857025260e-003	2.937973e-003
4.351873857025199e-003	2.903356e-003
4.362113857025138e-003	2.869147e-003
4.372353857025078e-003	2.835342e-003
4.382593857025017e-003	2.801934e-003
4.392833857024956e-003	2.768920e-003
4.403073857024895e-003	2.736295e-003
4.413313857024834e-003	2.704055e-003
4.423553857024773e-003	2.672194e-003
4.433793857024713e-003	2.640709e-003
4.444033857024652e-003	2.609594e-003
4.454273857024591e-003	2.578847e-003
4.464513857024530e-003	2.548461e-003
4.474753857024469e-003	2.518434e-003
4.484993857024409e-003	2.488760e-003
4.495233857024348e-003	2.459436e-003
4.505473857024287e-003	2.430458e-003
4.515713857024226e-003	2.401821e-003
4.525953857024165e-003	2.373521e-003
4.536193857024105e-003	2.345555e-003
4.546433857024044e-003	2.317918e-003
4.556673857023983e-003	2.290607e-003
4.566913857023922e-003	2.263618e-003
4.577153857023861e-003	2.236947e-003
4.587393857023800e-003	2.210590e-003
4.597633857023740e-003	2.184544e-003
4.607873857023679e-003	2.158804e-003
4.618113857023618e-003	2.133368e-003
4.628353857023557e-003	2.108232e-003
4.638593857023496e-003	2.083391e-003
4.648833857023436e-003	2.058844e-003
4.659073857023375e-003	2.034585e-003
4.669313857023314e-003	2.010613e-003
4.679553857023253e-003	1.986922e-003
4.689793857023192e-003	1.963511e-003
4.700033857023131e-003	1.940376e-003
4.710273857023071e-003	1.917514e-003
4.720513857023010e-003	1.894920e-003
4.730753857022949e-003	1.872593e-003
4.740993857022888e-003	1.850529e-003
4.751233857022827e-003	1.828725e-003
4.761473857022767e-003	1.807178e-003
4.771713857022706e-003	1.785885e-003
4.781953857022645e-003	1.764843e-003
4.792193857022584e-003	1.744049e-003
4.802433857022523e-003	1.723499e-003
4.812673857022463e-003	1.703192e-003
4.822913857022402e-003	1.683124e-003
4.833153857022341e-003	1.663293e-003
4.843393857022280e-003	1.643695e-003
4.853633857022219e-003	1.624328e-003
4.863873857022158e-003	1.605189e-003
4.874113857022098e-003	1.586276e-003
4.884353857022037e-003	1.567586e-003
4.894593857021976e-003	1.549115e-003
4.904833857021915e-003	1.530863e-003
4.915073857021854e-003	1.512825e-003
4.925313857021794e-003	1.495000e-003
4.935553857021733e-003	1.477385e-003
4.945793857021672e-003	1.459978e-003
4.956033857021611e-003	1.442776e-003
4.966273857021550e-003	1.425776e-003
4.976513857021490e-003	1.408977e-003
4.986753857021429e-003	1.392376e-003
4.996993857021368e-003	1.375970e-003
5.000010000000000e-003	1.371174e-003
5.000020000000000e-003	1.352310e-003